41
0.0153846153846154
0.0153846153846154
0.0153846153846154
0.0153846153846154
0.0153846153846154
0.0153846153846154
0.0153846153846154
0.0153846153846154
0.0153846153846154
0.0153846153846154
0.0153846153846154
0.0153846153846154
0.0153846153846154
0.0153846153846154
0.0153846153846154
0.0153846153846154
0.0153846153846154
0.0153846153846154
0.0153846153846154
0.0153846153846154
0.0153846153846154
0.0153846153846154
0.0153846153846154
0.0153846153846154
0.0153846153846153
0.0384615384615385
0.0384615384615385
0.0384615384615385
0.0384615384615385
0.0384615384615385
0.0384615384615385
0.0384615384615385
0.0384615384615385
0.0384615384615385
0.0384615384615385
0.0384615384615385
0.0384615384615385
0.0384615384615385
0.0384615384615385
0.0384615384615385
0.0384615384615385
